xof 0303txt 0032
template Frame {
 <3d82ab46-62da-11cf-ab39-0020af71e433>
 [...]
}

template Matrix4x4 {
 <f6f23f45-7686-11cf-8f52-0040333594a3>
 array FLOAT matrix[16];
}

template FrameTransformMatrix {
 <f6f23f41-7686-11cf-8f52-0040333594a3>
 Matrix4x4 frameMatrix;
}

template Vector {
 <3d82ab5e-62da-11cf-ab39-0020af71e433>
 FLOAT x;
 FLOAT y;
 FLOAT z;
}

template MeshFace {
 <3d82ab5f-62da-11cf-ab39-0020af71e433>
 DWORD nFaceVertexIndices;
 array DWORD faceVertexIndices[nFaceVertexIndices];
}

template Mesh {
 <3d82ab44-62da-11cf-ab39-0020af71e433>
 DWORD nVertices;
 array Vector vertices[nVertices];
 DWORD nFaces;
 array MeshFace faces[nFaces];
 [...]
}

template ColorRGBA {
 <35ff44e0-6c7c-11cf-8f52-0040333594a3>
 FLOAT red;
 FLOAT green;
 FLOAT blue;
 FLOAT alpha;
}

template ColorRGB {
 <d3e16e81-7835-11cf-8f52-0040333594a3>
 FLOAT red;
 FLOAT green;
 FLOAT blue;
}

template Material {
 <3d82ab4d-62da-11cf-ab39-0020af71e433>
 ColorRGBA faceColor;
 FLOAT power;
 ColorRGB specularColor;
 ColorRGB emissiveColor;
 [...]
}

template MeshMaterialList {
 <f6f23f42-7686-11cf-8f52-0040333594a3>
 DWORD nMaterials;
 DWORD nFaceIndexes;
 array DWORD faceIndexes[nFaceIndexes];
 [Material <3d82ab4d-62da-11cf-ab39-0020af71e433>]
}

template EffectInstance {
 <e331f7e4-0559-4cc2-8e99-1cec1657928f>
 STRING EffectFilename;
 [...]
}

template EffectParamString {
 <1dbc4c88-94c1-46ee-9076-2c28818c9481>
 STRING ParamName;
 STRING Value;
}

template VertexElement {
 <f752461c-1e23-48f6-b9f8-8350850f336f>
 DWORD Type;
 DWORD Method;
 DWORD Usage;
 DWORD UsageIndex;
}

template DeclData {
 <bf22e553-292c-4781-9fea-62bd554bdd93>
 DWORD nElements;
 array VertexElement Elements[nElements];
 DWORD nDWords;
 array DWORD data[nDWords];
}

template XSkinMeshHeader {
 <3cf169ce-ff7c-44ab-93c0-f78f62d172e2>
 WORD nMaxSkinWeightsPerVertex;
 WORD nMaxSkinWeightsPerFace;
 WORD nBones;
}

template SkinWeights {
 <6f0d123b-bad2-4167-a0d0-80224f25fabb>
 STRING transformNodeName;
 DWORD nWeights;
 array DWORD vertexIndices[nWeights];
 array FLOAT weights[nWeights];
 Matrix4x4 matrixOffset;
}


Frame Armature {
 

 FrameTransformMatrix {
  -0.393701,0.000000,-0.000000,0.000000,0.000000,0.393701,0.000000,0.000000,0.000000,0.000000,-0.393701,0.000000,0.000255,-1.294761,-0.184724,1.000000;;
 }

 Frame Bip01 {
  

  FrameTransformMatrix {
   0.414466,0.875891,0.247046,0.000000,0.816867,-0.238386,-0.525261,0.000000,-0.401179,0.419507,-0.814290,0.000000,-0.000001,3.400080,1.170000,1.000000;;
  }

  Frame Bip01_Pelvis {
   

   FrameTransformMatrix {
    0.430199,0.212595,0.877342,0.000000,0.801969,-0.536204,-0.263309,0.000000,0.414457,0.816877,-0.401169,0.000000,0.000010,0.000000,0.000000,1.000000;;
   }

   Frame Bip01_Spine {
    

    FrameTransformMatrix {
     0.999997,0.000000,-0.000000,0.000000,-0.000000,0.999998,-0.000000,0.000000,-0.000000,0.000000,0.999999,0.000000,0.444233,-0.000000,-0.000000,1.000000;;
    }

    Frame Bip01_L_Thigh {
     

     FrameTransformMatrix {
      0.356699,-0.909406,0.213874,0.000000,0.932807,0.334134,-0.134976,0.000000,0.051285,0.247650,0.967490,0.000000,-0.444235,0.000002,0.702475,1.000000;;
     }

     Frame Bip01_L_Calf {
      

      FrameTransformMatrix {
       -0.090171,-0.993791,-0.065122,0.000000,0.974592,-0.074590,-0.211188,0.000000,0.205021,-0.082511,0.975273,0.000000,2.115281,-0.000001,0.000001,1.000000;;
      }

      Frame Bip01_L_Foot {
       

       FrameTransformMatrix {
        0.515915,0.837625,0.179467,0.000000,-0.849636,0.527067,-0.017524,0.000000,-0.109271,-0.143442,0.983608,0.000000,0.862647,0.000000,0.000000,1.000000;;
       }

       Frame Bip01_L_Toe0 {
        

        FrameTransformMatrix {
         0.935083,0.297622,-0.192431,0.000000,-0.279627,0.953144,0.115379,0.000000,0.217757,-0.054081,0.974505,0.000000,1.492570,-0.000000,-0.000000,1.000000;;
        }

        Frame Bip01_L_Toe01 {
         

         FrameTransformMatrix {
          0.714325,0.699780,0.005728,0.000000,-0.699758,0.714348,-0.005622,0.000000,-0.008026,0.000008,0.999970,0.000000,0.638653,0.000000,0.000000,1.000000;;
         }

         Frame Bip01_L_Toe02 {
          

          FrameTransformMatrix {
           0.999991,0.000000,-0.000000,0.000000,0.000000,0.999991,-0.000001,0.000000,0.000000,0.000001,1.000000,0.000000,0.428717,0.000000,-0.000000,1.000000;;
          }
         }
        }
       }
      }
     }
    }

    Frame Bip01_R_Thigh {
     

     FrameTransformMatrix {
      0.356702,-0.909413,-0.213837,0.000000,0.932805,0.334139,0.134979,0.000000,-0.051301,-0.247617,0.967498,0.000000,-0.444223,-0.000021,-0.702485,1.000000;;
     }

     Frame Bip01_R_Calf {
      

      FrameTransformMatrix {
       -0.090168,-0.993791,0.065118,0.000000,0.974594,-0.074589,0.211178,0.000000,-0.205012,0.082506,0.975276,0.000000,2.115280,-0.000001,-0.000000,1.000000;;
      }

      Frame Bip01_R_Foot {
       

       FrameTransformMatrix {
        0.515918,0.837624,-0.179461,0.000000,-0.849635,0.527070,0.017520,0.000000,0.109265,0.143439,0.983609,0.000000,0.862645,0.000000,0.000000,1.000000;;
       }

       Frame Bip01_R_Toe0 {
        

        FrameTransformMatrix {
         0.935085,0.297618,0.192429,0.000000,-0.279623,0.953144,-0.115376,0.000000,-0.217754,0.054080,0.974506,0.000000,1.492570,0.000000,0.000000,1.000000;;
        }

        Frame Bip01_R_Toe01 {
         

         FrameTransformMatrix {
          0.714316,0.699788,-0.005724,0.000000,-0.699766,0.714339,0.005620,0.000000,0.008022,-0.000009,0.999969,0.000000,0.638650,0.000000,0.000000,1.000000;;
         }

         Frame Bip01_R_Toe02 {
          

          FrameTransformMatrix {
           0.999990,-0.000001,0.000000,0.000000,0.000001,0.999990,0.000001,0.000000,-0.000000,-0.000001,1.000000,0.000000,0.428717,0.000000,0.000000,1.000000;;
          }
         }
        }
       }
      }
     }
    }

    Frame Bip01_Spine1 {
     

     FrameTransformMatrix {
      -0.694178,-0.719800,0.000006,0.000000,0.719800,-0.694178,0.000015,0.000000,-0.000007,0.000015,0.999999,0.000000,0.660888,0.058945,0.000001,1.000000;;
     }

     Frame Bip01_Spine2 {
      

      FrameTransformMatrix {
       -0.360336,0.932818,-0.000002,0.000000,-0.932819,-0.360336,0.000003,0.000000,0.000002,0.000003,0.999998,0.000000,-0.572358,0.819515,0.000001,1.000000;;
      }

      Frame Bip01_Neck {
       

       FrameTransformMatrix {
        0.999994,-0.000001,-0.000000,0.000000,0.000001,0.999996,0.000000,0.000000,-0.000000,0.000000,0.999998,0.000000,1.049770,-0.000001,0.000000,1.000000;;
       }

       Frame Bip01_Head {
        

        FrameTransformMatrix {
         -0.360335,-0.932817,0.000002,0.000000,0.932817,-0.360335,0.000000,0.000000,0.000000,0.000002,0.999997,0.000000,0.904137,0.393359,0.000005,1.000000;;
        }

        Frame head {
         

         FrameTransformMatrix {
          0.999994,0.000001,0.000000,0.000000,-0.000001,0.999994,-0.000000,0.000000,0.000000,-0.000000,0.999996,0.000000,0.161324,0.883337,0.000000,1.000000;;
         }

         Frame jaw {
          

          FrameTransformMatrix {
           0.999992,0.000001,0.000000,0.000000,-0.000001,0.999994,-0.000000,0.000000,-0.000000,0.000000,0.999996,0.000000,0.205024,0.052756,-0.000000,1.000000;;
          }

          Frame mouth_Point_bottom_centre {
           

           FrameTransformMatrix {
            0.999991,0.000001,0.000000,0.000000,-0.000001,0.999993,-0.000000,0.000000,0.000000,0.000000,0.999995,0.000000,0.160695,0.648695,0.006854,1.000000;;
           }
          }

          Frame mouth_Point_bottom_left {
           

           FrameTransformMatrix {
            0.999991,0.000001,0.000000,0.000000,-0.000001,0.999993,-0.000000,0.000000,0.000000,0.000000,0.999995,0.000000,0.153368,0.457655,0.181346,1.000000;;
           }
          }

          Frame mouth_Point_bottom_right {
           

           FrameTransformMatrix {
            0.999991,0.000001,0.000000,0.000000,-0.000001,0.999993,-0.000000,0.000000,0.000000,0.000000,0.999995,0.000000,0.153368,0.457654,-0.181350,1.000000;;
           }
          }
         }

         Frame mouth_Point_top_centre {
          

          FrameTransformMatrix {
           0.999992,0.000001,0.000000,0.000000,-0.000001,0.999994,-0.000000,0.000000,-0.000000,0.000000,0.999996,0.000000,0.266574,0.699954,0.006483,1.000000;;
          }
         }

         Frame mouth_Point_top_left {
          

          FrameTransformMatrix {
           0.999992,0.000001,0.000000,0.000000,-0.000001,0.999994,-0.000000,0.000000,-0.000000,0.000000,0.999996,0.000000,0.258641,0.505739,0.161825,1.000000;;
          }
         }

         Frame mouth_Point_top_right {
          

          FrameTransformMatrix {
           0.999992,0.000001,0.000000,0.000000,-0.000001,0.999994,-0.000000,0.000000,-0.000000,0.000000,0.999996,0.000000,0.258641,0.505738,-0.144971,1.000000;;
          }
         }
        }

        Frame innerMouth {
         

         FrameTransformMatrix {
          0.999994,0.000001,0.000000,0.000000,-0.000001,0.999994,-0.000000,0.000000,0.000000,-0.000000,0.999996,0.000000,0.178166,0.158394,-0.000001,1.000000;;
         }

         Frame innerJawBtm {
          

          FrameTransformMatrix {
           0.999992,0.000001,0.000000,0.000000,-0.000001,0.999994,-0.000000,0.000000,-0.000000,0.000000,0.999996,0.000000,0.236641,0.642078,0.000000,1.000000;;
          }
         }

         Frame innerJawTop {
          

          FrameTransformMatrix {
           0.999992,0.000001,0.000000,0.000000,-0.000001,0.999994,-0.000000,0.000000,-0.000000,0.000000,0.999996,0.000000,0.155807,0.664924,0.000000,1.000000;;
          }
         }
        }
       }
      }

      Frame Bip01_L_Clavicle {
       

       FrameTransformMatrix {
        -0.014611,-0.257111,0.966269,0.000000,0.956613,-0.284821,-0.061322,0.000000,0.290981,0.923451,0.250118,0.000000,0.500173,-0.052446,0.272504,1.000000;;
       }

       Frame Bip01_L_UpperArm {
        

        FrameTransformMatrix {
         0.999996,0.000000,0.000000,0.000000,-0.000000,0.999995,0.000002,0.000000,-0.000000,-0.000002,0.999995,0.000000,0.574403,0.000000,0.000000,1.000000;;
        }

        Frame Bip01_L_Forearm {
         

         FrameTransformMatrix {
          0.217922,0.544891,-0.809689,0.000000,-0.078281,0.836711,0.542007,0.000000,0.972816,-0.054732,0.224994,0.000000,1.056440,0.281310,-0.554469,1.000000;;
         }

         Frame Bip01_L_Hand {
          

          FrameTransformMatrix {
           0.999995,0.000000,0.000000,0.000000,-0.000000,0.999993,0.000000,0.000000,0.000000,-0.000000,0.999994,0.000000,1.382360,0.000000,-0.000000,1.000000;;
          }

          Frame Bip01_L_Finger0 {
           

           FrameTransformMatrix {
            0.699191,-0.491871,-0.518826,0.000000,0.583693,0.811788,0.016996,0.000000,0.412820,-0.314721,0.854703,0.000000,0.113558,-0.091054,-0.165256,1.000000;;
           }

           Frame Bip01_L_Finger01 {
            

            FrameTransformMatrix {
             0.999991,0.000000,0.000000,0.000000,-0.000000,0.999992,0.000000,0.000000,0.000000,0.000000,0.999992,0.000000,0.180449,-0.000000,0.000000,1.000000;;
            }
           }
          }

          Frame Bip01_L_Finger1 {
           

           FrameTransformMatrix {
            0.904193,-0.379989,-0.195012,0.000000,0.392785,0.919126,0.030235,0.000000,0.167753,-0.103937,0.980329,0.000000,0.294862,-0.206605,-0.071408,1.000000;;
           }

           Frame Bip01_L_Finger11 {
            

            FrameTransformMatrix {
             0.899283,-0.436925,-0.019198,0.000000,0.437328,0.897960,0.048971,0.000000,-0.004158,-0.052435,0.998609,0.000000,0.204282,0.000000,-0.000000,1.000000;;
            }

            Frame Bip01_L_Finger12 {
             

             FrameTransformMatrix {
              0.999989,0.000000,0.000000,0.000000,-0.000000,0.999992,0.000000,0.000000,-0.000000,0.000000,0.999991,0.000000,0.174936,0.000000,-0.000000,1.000000;;
             }
            }
           }
          }

          Frame Bip01_L_Finger2 {
           

           FrameTransformMatrix {
            0.937090,-0.349057,-0.002723,0.000000,0.349067,0.937076,0.005213,0.000000,0.000732,-0.005836,0.999977,0.000000,0.307783,-0.222394,0.006670,1.000000;;
           }

           Frame Bip01_L_Finger21 {
            

            FrameTransformMatrix {
             0.812313,-0.570565,-0.120760,0.000000,0.573746,0.818962,-0.010019,0.000000,0.104615,-0.061148,0.992625,0.000000,0.230092,0.000000,0.000000,1.000000;;
            }

            Frame Bip01_L_Finger22 {
             

             FrameTransformMatrix {
              0.999988,0.000000,0.000000,0.000000,0.000000,0.999990,0.000000,0.000000,0.000000,0.000000,0.999994,0.000000,0.209601,0.000000,0.000000,1.000000;;
             }
            }
           }
          }

          Frame Bip01_L_Finger3 {
           

           FrameTransformMatrix {
            0.896307,-0.431756,0.101019,0.000000,0.434379,0.900712,-0.004451,0.000000,-0.089068,0.047870,0.994869,0.000000,0.296372,-0.213578,0.093430,1.000000;;
           }

           Frame Bip01_L_Finger31 {
            

            FrameTransformMatrix {
             0.863744,-0.491717,-0.110190,0.000000,0.490883,0.870453,-0.036478,0.000000,0.113853,-0.022583,0.993235,0.000000,0.194751,0.000000,-0.000000,1.000000;;
            }

            Frame Bip01_L_Finger32 {
             

             FrameTransformMatrix {
              0.999989,0.000000,0.000000,0.000000,0.000000,0.999993,0.000000,0.000000,0.000000,0.000000,0.999993,0.000000,0.199876,0.000000,-0.000000,1.000000;;
             }
            }
           }
          }

          Frame Bip01_L_Finger4 {
           

           FrameTransformMatrix {
            0.666401,-0.633955,0.392422,0.000000,0.679962,0.732668,0.028927,0.000000,-0.305856,0.247557,0.919324,0.000000,0.264372,-0.216449,0.181366,1.000000;;
           }

           Frame Bip01_L_Finger41 {
            

            FrameTransformMatrix {
             0.999991,0.000000,-0.000000,0.000000,0.000000,0.999993,0.000000,0.000000,0.000000,0.000000,0.999993,0.000000,0.159961,-0.000000,0.000000,1.000000;;
            }
           }
          }
         }

         Frame Bip01_L_ForeTwist {
          

          FrameTransformMatrix {
           0.792734,-0.609029,0.025364,0.000000,0.609029,0.793093,0.008616,0.000000,-0.025364,0.008617,0.999636,0.000000,0.000001,0.000003,-0.000004,1.000000;;
          }
         }
        }
       }
      }

      Frame Bip01_R_Clavicle {
       

       FrameTransformMatrix {
        -0.014612,-0.257106,-0.966270,0.000000,0.956610,-0.284828,0.061321,0.000000,-0.290988,-0.923451,0.250113,0.000000,0.500179,-0.052453,-0.272497,1.000000;;
       }

       Frame Bip01_R_UpperArm {
        

        FrameTransformMatrix {
         0.999995,-0.000000,-0.000000,0.000000,-0.000000,0.999995,-0.000002,0.000000,0.000000,0.000002,0.999994,0.000000,0.574405,0.000000,0.000000,1.000000;;
        }

        Frame Bip01_R_Forearm {
         

         FrameTransformMatrix {
          0.217908,0.544893,0.809689,0.000000,-0.078280,0.836709,-0.542009,0.000000,-0.972818,0.054726,0.224982,0.000000,1.056430,0.281330,0.554474,1.000000;;
         }

         Frame Bip01_R_Hand {
          

          FrameTransformMatrix {
           0.999992,0.000001,-0.000000,0.000000,-0.000001,0.999991,0.000000,0.000000,0.000000,0.000000,0.999991,0.000000,1.382350,0.000001,0.000001,1.000000;;
          }

          Frame Bip01_R_Finger0 {
           

           FrameTransformMatrix {
            0.699182,-0.491868,0.518833,0.000000,0.583694,0.811783,-0.016997,0.000000,-0.412823,0.314726,0.854692,0.000000,0.113561,-0.091051,0.165249,1.000000;;
           }

           Frame Bip01_R_Finger01 {
            

            FrameTransformMatrix {
             0.999985,0.000000,-0.000000,0.000000,0.000000,0.999988,0.000000,0.000000,0.000000,0.000000,0.999984,0.000000,0.180447,0.000000,-0.000000,1.000000;;
            }
           }
          }

          Frame Bip01_R_Finger1 {
           

           FrameTransformMatrix {
            0.904190,-0.379997,0.194986,0.000000,0.392791,0.919120,-0.030231,0.000000,-0.167729,0.103924,0.980327,0.000000,0.294883,-0.206607,0.071407,1.000000;;
           }

           Frame Bip01_R_Finger11 {
            

            FrameTransformMatrix {
             0.899291,-0.436895,0.019234,0.000000,0.437300,0.897969,-0.048960,0.000000,0.004119,0.052441,0.998600,0.000000,0.204258,-0.000000,0.000000,1.000000;;
            }

            Frame Bip01_R_Finger12 {
             

             FrameTransformMatrix {
              0.999983,0.000000,0.000000,0.000000,-0.000000,0.999987,0.000000,0.000000,0.000000,0.000000,0.999981,0.000000,0.174935,0.000000,0.000000,1.000000;;
             }
            }
           }
          }

          Frame Bip01_R_Finger2 {
           

           FrameTransformMatrix {
            0.937071,-0.349095,0.002741,0.000000,0.349105,0.937058,-0.005217,0.000000,-0.000747,0.005846,0.999970,0.000000,0.307788,-0.222390,-0.006676,1.000000;;
           }

           Frame Bip01_R_Finger21 {
            

            FrameTransformMatrix {
             0.812347,-0.570514,0.120736,0.000000,0.573695,0.818994,0.010007,0.000000,-0.104592,0.061137,0.992618,0.000000,0.230101,-0.000000,-0.000000,1.000000;;
            }

            Frame Bip01_R_Finger22 {
             

             FrameTransformMatrix {
              0.999983,0.000000,0.000000,0.000000,-0.000000,0.999986,-0.000000,0.000000,-0.000000,0.000000,0.999980,0.000000,0.209582,0.000000,0.000000,1.000000;;
             }
            }
           }
          }

          Frame Bip01_R_Finger3 {
           

           FrameTransformMatrix {
            0.896292,-0.431778,-0.101014,0.000000,0.434402,0.900697,0.004448,0.000000,0.089063,-0.047868,0.994862,0.000000,0.296375,-0.213579,-0.093435,1.000000;;
           }

           Frame Bip01_R_Finger31 {
            

            FrameTransformMatrix {
             0.863758,-0.491681,0.110193,0.000000,0.490847,0.870468,0.036475,0.000000,-0.113855,0.022583,0.993225,0.000000,0.194761,-0.000000,0.000000,1.000000;;
            }

            Frame Bip01_R_Finger32 {
             

             FrameTransformMatrix {
              0.999982,-0.000001,-0.000000,0.000000,0.000001,0.999986,-0.000000,0.000000,0.000000,0.000000,0.999982,0.000000,0.199855,-0.000000,-0.000000,1.000000;;
             }
            }
           }
          }

          Frame Bip01_R_Finger4 {
           

           FrameTransformMatrix {
            0.666408,-0.633935,-0.392430,0.000000,0.679944,0.732679,-0.028924,0.000000,0.305865,-0.247558,0.919314,0.000000,0.264375,-0.216449,-0.181369,1.000000;;
           }

           Frame Bip01_R_Finger41 {
            

            FrameTransformMatrix {
             0.999985,0.000000,-0.000000,0.000000,0.000000,0.999988,0.000000,0.000000,0.000000,-0.000000,0.999985,0.000000,0.159955,0.000000,-0.000000,1.000000;;
            }
           }
          }
         }

         Frame Bip01_R_ForeTwist {
          

          FrameTransformMatrix {
           0.792734,-0.609023,-0.025366,0.000000,0.609025,0.793095,-0.008618,0.000000,0.025366,-0.008617,0.999632,0.000000,0.000000,0.000000,0.000004,1.000000;;
          }
         }
        }
       }
      }
     }

     Frame smallArm_left_upper {
      

      FrameTransformMatrix {
       0.323080,0.946363,0.003128,0.000000,-0.946362,0.323087,-0.002239,0.000000,-0.003129,-0.002237,0.999991,0.000000,0.365103,1.284420,0.118838,1.000000;;
      }

      Frame smallArm_left_forearm {
       

       FrameTransformMatrix {
        0.053844,0.996177,0.068705,0.000000,-0.940892,0.073656,-0.330589,0.000000,-0.334388,-0.046844,0.941267,0.000000,0.620208,0.000000,0.000000,1.000000;;
       }

       Frame smallArm_left_hand {
        

        FrameTransformMatrix {
         0.999992,0.000000,0.000000,0.000000,0.000000,0.999995,0.000000,0.000000,0.000000,-0.000000,0.999997,0.000000,0.666157,-0.000000,0.000000,1.000000;;
        }
       }
      }
     }

     Frame smallArm_right_upper {
      

      FrameTransformMatrix {
       0.323080,0.946363,-0.003130,0.000000,-0.946362,0.323087,0.002238,0.000000,0.003129,0.002239,0.999991,0.000000,0.365103,1.284420,-0.118837,1.000000;;
      }

      Frame smallArm_right_forearm {
       

       FrameTransformMatrix {
        0.053841,0.996177,-0.068707,0.000000,-0.940889,0.073654,0.330599,0.000000,0.334398,0.046846,0.941265,0.000000,0.620207,-0.000000,-0.000000,1.000000;;
       }

       Frame smallArm_right_hand {
        

        FrameTransformMatrix {
         0.999993,-0.000000,0.000000,0.000000,0.000000,0.999996,0.000000,0.000000,-0.000000,-0.000000,0.999998,0.000000,0.666157,-0.000000,0.000000,1.000000;;
        }
       }
      }
     }

     Frame spine_L_lower {
      

      FrameTransformMatrix {
       0.999996,0.000001,0.000000,0.000000,-0.000001,0.999997,-0.000000,0.000000,0.000000,-0.000000,0.999998,0.000000,-0.653562,0.031345,0.602274,1.000000;;
      }
     }

     Frame spine_L_mid {
      

      FrameTransformMatrix {
       0.999996,0.000001,0.000000,0.000000,-0.000001,0.999997,-0.000000,0.000000,0.000000,-0.000000,0.999998,0.000000,-0.771679,0.151607,0.714111,1.000000;;
      }
     }

     Frame spine_L_upper {
      

      FrameTransformMatrix {
       0.999996,0.000001,0.000000,0.000000,-0.000001,0.999997,-0.000000,0.000000,0.000000,-0.000000,0.999998,0.000000,-0.935373,0.398307,0.720284,1.000000;;
      }
     }

     Frame spine_R_lower {
      

      FrameTransformMatrix {
       0.999996,0.000001,0.000000,0.000000,-0.000001,0.999997,-0.000000,0.000000,0.000000,-0.000000,0.999998,0.000000,-0.653565,0.031343,-0.602269,1.000000;;
      }
     }

     Frame spine_R_mid {
      

      FrameTransformMatrix {
       0.999996,0.000001,0.000000,0.000000,-0.000001,0.999997,-0.000000,0.000000,0.000000,-0.000000,0.999998,0.000000,-0.771681,0.151606,-0.714109,1.000000;;
      }
     }

     Frame spine_R_upper {
      

      FrameTransformMatrix {
       0.999996,0.000001,0.000000,0.000000,-0.000001,0.999997,-0.000000,0.000000,0.000000,-0.000000,0.999998,0.000000,-0.935370,0.398300,-0.720301,1.000000;;
      }
     }
    }

    Frame Bip01_Tail {
     

     FrameTransformMatrix {
      -0.755176,0.655517,-0.000016,0.000000,-0.655517,-0.755176,0.000006,0.000000,-0.000008,0.000015,0.999999,0.000000,-0.576119,0.181325,-0.000007,1.000000;;
     }

     Frame Bip01_Tail1 {
      

      FrameTransformMatrix {
       0.999948,-0.009701,0.000000,0.000000,0.009701,0.999949,-0.000000,0.000000,-0.000000,0.000000,0.999998,0.000000,0.790524,0.000000,0.000000,1.000000;;
      }

      Frame Bip01_Tail2 {
       

       FrameTransformMatrix {
        0.999946,-0.009718,0.000002,0.000000,0.009718,0.999948,0.000002,0.000000,-0.000002,-0.000002,0.999997,0.000000,0.790509,-0.000000,0.000000,1.000000;;
       }

       Frame Bip01_Tail3 {
        

        FrameTransformMatrix {
         0.999944,-0.009698,-0.000004,0.000000,0.009698,0.999948,-0.000004,0.000000,0.000004,0.000004,0.999996,0.000000,0.790505,0.000000,-0.000000,1.000000;;
        }

        Frame Bip01_Tail4 {
         

         FrameTransformMatrix {
          0.999942,-0.009682,-0.000001,0.000000,0.009682,0.999947,-0.000001,0.000000,0.000001,0.000001,0.999995,0.000000,0.790507,0.000000,0.000000,1.000000;;
         }

         Frame Bip01_Tail5 {
          

          FrameTransformMatrix {
           0.999979,-0.003920,0.000003,0.000000,0.003920,0.999985,0.000003,0.000000,-0.000003,-0.000003,0.999994,0.000000,0.790512,0.000000,0.000000,1.000000;;
          }

          Frame Bip01_Tail6 {
           

           FrameTransformMatrix {
            0.999976,-0.003894,-0.000000,0.000000,0.003894,0.999984,0.000000,0.000000,-0.000000,0.000000,0.999993,0.000000,0.790501,0.000000,0.000000,1.000000;;
           }

           Frame Bip01_Tail7 {
            

            FrameTransformMatrix {
             0.999974,-0.003883,0.000004,0.000000,0.003883,0.999982,0.000003,0.000000,-0.000004,-0.000003,0.999992,0.000000,0.790483,0.000000,-0.000000,1.000000;;
            }

            Frame Bip01_Tail8 {
             

             FrameTransformMatrix {
              0.999971,-0.003928,-0.000003,0.000000,0.003928,0.999981,-0.000003,0.000000,0.000003,0.000003,0.999992,0.000000,0.790499,-0.000000,0.000000,1.000000;;
             }

             Frame Bip01_Tail9 {
              

              FrameTransformMatrix {
               0.999969,-0.003800,0.000001,0.000000,0.003800,0.999980,0.000001,0.000000,-0.000001,-0.000001,0.999991,0.000000,0.790500,-0.000000,0.000000,1.000000;;
              }

              Frame Bip01_Tail10 {
               

               FrameTransformMatrix {
                0.999965,-0.003916,-0.000002,0.000000,0.003916,0.999978,-0.000002,0.000000,0.000002,0.000002,0.999990,0.000000,0.790484,-0.000001,0.000000,1.000000;;
               }

               Frame Bip01_Tail11 {
                

                FrameTransformMatrix {
                 0.999969,-0.000001,0.000000,0.000000,0.000001,0.999983,0.000000,0.000000,-0.000000,0.000000,0.999989,0.000000,0.875571,-0.000001,0.000000,1.000000;;
                }
               }
              }
             }
            }
           }
          }
         }
        }
       }
      }
     }
    }
   }
  }
 }
}

Frame AlienQueenbody {
 

 FrameTransformMatrix {
  -0.393701,0.000000,-0.000000,0.000000,0.000000,0.393701,0.000000,0.000000,0.000000,0.000000,-0.393701,0.000000,0.000255,-1.294761,-0.184724,1.000000;;
 }

 Mesh AlienQueenbody {
  7478;
  1.543994;-0.005545;-1.289770;,
  1.542965;0.002617;-1.437736;,
  1.747534;0.037929;-1.434185;,
  -1.887895;4.296282;-1.136153;,
  -1.889275;4.281132;-1.121724;,
  -1.920464;4.156396;-1.193102;,
  -0.267808;4.118890;-2.008814;,
  -0.264226;4.081061;-2.031804;,
  -0.286545;4.120060;-2.007084;,
  -0.286544;4.145330;-1.976975;,
  1.824222;2.305607;-2.146595;,
  1.829872;2.289968;-2.129155;,
  1.833152;2.295858;-2.121786;,
  1.829912;2.313877;-2.132265;,
  1.831762;2.324306;-2.145754;,
  1.825943;2.319627;-2.160223;,
  1.829902;2.350865;-2.162383;,
  1.808282;2.469712;-2.151994;,
  1.801892;2.506881;-2.151913;,
  1.799102;2.467533;-2.168193;,
  1.792242;2.506711;-2.167513;,
  1.833131;2.472482;-2.151583;,
  1.826201;2.509851;-2.151854;,
  -0.286544;4.162240;-1.946605;,
  -0.257332;4.144139;-1.976115;,
  1.814451;2.438343;-2.160983;,
  1.838051;2.440683;-2.160373;,
  -0.257331;4.161069;-1.945736;,
  -0.286544;4.173139;-1.930796;,
  -0.258037;4.171969;-1.929926;,
  -0.278185;4.204708;-1.900446;,
  1.849952;2.352405;-2.161314;,
  1.846461;2.375924;-2.161863;,
  1.826262;2.373354;-2.162833;,
  -0.243029;4.195028;-1.892537;,
  1.849342;2.324466;-2.143704;,
  1.848652;2.314657;-2.130645;,
  1.844112;2.296488;-2.121166;,
  1.832241;2.512321;-2.172173;,
  1.840010;2.473032;-2.172683;,
  -0.267215;4.232078;-1.897976;,
  0.264215;4.081068;-2.031807;,
  0.267796;4.118896;-2.008817;,
  0.286534;4.120067;-2.007077;,
  0.286534;4.145336;-1.976978;,
  0.257322;4.144146;-1.976118;,
  0.286534;4.162246;-1.946608;,
  0.257323;4.161076;-1.945739;,
  1.856801;2.344125;-2.174123;,
  1.853151;2.373214;-2.175863;,
  1.856101;2.320196;-2.156654;,
  1.855491;2.307127;-2.143494;,
  1.847981;2.290968;-2.127855;,
  1.849862;2.313997;-2.171393;,
  1.850181;2.335896;-2.189922;,
  1.844141;2.367534;-2.192472;,
  0.286534;4.173146;-1.930799;,
  0.267205;4.232094;-1.897979;,
  0.278178;4.204715;-1.900449;,
  0.243019;4.195045;-1.892540;,
  0.217207;3.720171;1.371232;,
  0.162554;3.505462;1.527932;,
  0.233829;3.570822;1.561402;,
  -1.605801;0.060812;-0.717002;,
  -1.583691;0.081601;-0.660807;,
  -1.624151;0.060902;-0.704610;,
  -1.660311;0.047245;-0.768199;,
  -1.596911;0.062513;-0.785377;,
  1.844340;2.442013;-2.179803;,
  1.829841;2.472192;-2.192742;,
  1.822171;2.512361;-2.189232;,
  1.802961;2.509440;-2.189252;,
  1.810001;2.470342;-2.192962;,
  1.837011;2.443433;-2.199262;,
  -1.557532;0.057914;-0.841897;,
  -1.675871;0.033589;-0.828721;,
  -1.731062;0.043099;-0.900228;,
  -1.439392;0.033587;-0.827193;,
  -1.455782;0.047241;-0.766892;,
  -1.518941;0.062512;-0.784943;,
  -1.510991;0.060810;-0.716453;,
  1.830602;2.334356;-2.190952;,
  1.827652;2.364924;-2.193212;,
  1.832392;2.313507;-2.173443;,
  1.830752;2.296698;-2.159344;,
  1.849411;2.297678;-2.157374;,
  -1.492821;0.060901;-0.703807;,
  -1.533881;0.081600;-0.660567;,
  -2.340357;5.805028;1.361033;,
  -2.317147;5.777399;1.341764;,
  -2.308027;5.789799;1.349294;,
  -2.299287;5.809218;1.347244;,
  -2.192858;5.744350;1.286124;,
  1.817893;2.561752;-2.190602;,
  1.844422;2.285018;-2.135595;,
  1.833512;2.284028;-2.136355;,
  -2.183618;5.770459;1.283894;,
  1.400444;0.040228;-1.165664;,
  1.304444;0.043163;-1.226312;,
  1.435599;0.018945;-2.251501;,
  1.453929;0.034701;-2.195113;,
  1.390459;0.025370;-2.196163;,
  -1.799107;2.467552;-2.168191;,
  -1.792257;2.506730;-2.167511;,
  -1.801897;2.506900;-2.151912;,
  -1.808297;2.469742;-2.151992;,
  -1.393253;5.388844;0.773711;,
  -1.408763;5.354314;0.787111;,
  -1.814466;2.438363;-2.160982;,
  -1.804507;2.437763;-2.176891;,
  -1.043135;5.169086;0.585068;,
  -0.994042;5.264345;0.525923;,
  -1.829914;2.350888;-2.162385;,
  -1.831774;2.324330;-2.145736;,
  -1.825954;2.319650;-2.160225;,
  -1.848662;2.314681;-2.130647;,
  -1.829924;2.313921;-2.132267;,
  -1.844123;2.296512;-2.121168;,
  -1.847992;2.290992;-2.127857;,
  -1.836233;2.276723;-2.102059;,
  -1.855502;2.307161;-2.143496;,
  -1.844433;2.285063;-2.135597;,
  -1.849352;2.324490;-2.143706;,
  -1.849962;2.352428;-2.161315;,
  -1.826274;2.373376;-2.162834;,
  -0.747534;5.127097;0.351567;,
  -0.895239;5.158986;0.431570;,
  -0.895600;5.122867;0.454337;,
  -0.750349;5.075568;0.386492;,
  -0.716485;4.989059;0.341727;,
  -0.742384;4.999379;0.357158;,
  -0.995257;5.087188;0.463092;,
  -0.941080;5.064158;0.428466;,
  -0.966073;5.102338;0.495110;,
  -1.047025;5.095528;0.489745;,
  -1.833146;2.472512;-2.151582;,
  -1.838065;2.440703;-2.160372;,
  -1.826216;2.509870;-2.151852;,
  -1.095434;5.106858;0.589239;,
  -1.120354;5.085318;0.558503;,
  -2.016209;5.086561;1.960656;,
  -1.922629;5.069282;1.861547;,
  -1.905339;5.087202;1.874947;,
  -2.006539;5.097481;1.969666;,
  -1.846473;2.375946;-2.161864;,
  -1.853163;2.373236;-2.175864;,
  -2.036469;5.104362;1.991386;,
  -1.856812;2.344148;-2.174124;,
  -1.856112;2.320220;-2.156656;,
  -1.840025;2.473052;-2.172681;,
  -1.999889;5.117681;1.971906;,
  -1.829846;2.472212;-2.192740;,
  -1.844355;2.442033;-2.179801;,
  -1.837015;2.443453;-2.199260;,
  -1.898709;5.113892;1.878937;,
  -1.225783;4.959843;1.141495;,
  -1.216153;4.998493;1.136385;,
  -1.844153;2.367567;-2.192472;,
  -0.835513;4.946473;0.705842;,
  -0.874078;5.002353;0.791068;,
  -0.823492;4.905034;0.719642;,
  -1.850192;2.335919;-2.189924;,
  -1.849872;2.314020;-2.171395;,
  -1.849422;2.297702;-2.157375;,
  -1.832246;2.512340;-2.172171;,
  -1.822186;2.512379;-2.189230;,
  -1.802977;2.509459;-2.189250;,
  -1.810017;2.470361;-2.192960;,
  -0.784129;4.900884;0.662859;,
  -1.812106;2.440893;-2.200060;,
  -0.791418;4.941613;0.652360;,
  -0.663274;4.953253;0.539763;,
  -0.654568;4.894154;0.557463;,
  -1.926639;5.066632;1.857917;,
  -1.827664;2.364947;-2.193213;,
  -1.261553;4.918234;1.125575;,
  -0.976858;4.806135;0.791914;,
  -1.240913;4.936664;1.136885;,
  -1.830613;2.334379;-2.190953;,
  -1.832403;2.313531;-2.173445;,
  -1.830764;2.296722;-2.159345;,
  -1.818688;2.564056;-2.166830;,
  -1.818965;2.369196;-2.175824;,
  -0.947343;4.821395;0.822335;,
  -1.824234;2.305631;-2.146596;,
  -1.833523;2.284053;-2.136357;,
  1.035116;0.019298;-1.360480;,
  1.087815;0.017781;-1.292502;,
  1.014705;0.010192;-1.245833;,
  -1.833163;2.295882;-2.121788;,
  1.544773;0.004774;-1.176813;,
  1.689233;0.040229;-1.167402;,
  1.675852;0.033582;-0.828725;,
  1.660291;0.047236;-0.768200;,
  1.557512;0.057907;-0.841899;,
  -0.625391;4.828845;0.483172;,
  -0.647886;4.830916;0.505647;,
  0.000036;3.446896;10.372462;,
  0.007863;3.441197;10.372462;,
  0.000038;3.450126;10.344668;,
  0.007877;3.444436;10.344668;,
  0.023419;3.341369;10.359766;,
  -0.876537;4.851175;0.679386;,
  -0.829896;4.846145;0.629746;,
  -0.842130;4.860575;0.708268;,
  -0.921551;4.844775;0.716702;,
  0.021366;3.353576;10.277386;,
  0.000035;3.345608;10.354266;,
  0.000035;3.306823;10.363066;,
  0.090888;3.263007;10.353968;,
  0.043283;3.331860;10.360866;,
  0.033731;3.264708;10.362266;,
  0.035494;3.351806;10.257091;,
  0.103498;3.263906;10.259791;,
  -1.420913;2.632658;-2.193912;,
  -1.399133;2.603019;-2.198960;,
  -1.407503;2.599999;-2.172091;,
  0.028674;3.163339;10.346870;,
  -1.429412;2.630158;-2.172113;,
  -1.469350;2.671106;-2.172403;,
  -1.456301;2.674485;-2.195341;,
  0.028838;3.159848;10.260991;,
  -1.500209;2.698384;-2.172292;,
  -1.490410;2.712113;-2.193071;,
  0.000035;3.163339;10.346870;,
  0.000035;3.159848;10.260991;,
  0.000035;3.356737;10.391259;,
  0.000036;3.449198;10.462944;,
  0.007812;3.443558;10.462944;,
  0.000038;3.445978;10.490338;,
  0.007799;3.440339;10.490338;,
  0.023228;3.341330;10.477942;,
  0.021198;3.353438;10.396758;,
  0.035219;3.351688;10.376762;,
  0.000035;3.354957;10.376062;,
  0.000035;3.345530;10.472542;,
  0.090149;3.263599;10.472243;,
  0.042932;3.331901;10.479041;,
  0.033460;3.265269;10.480442;,
  0.102681;3.264468;10.379463;,
  0.000035;3.211186;10.480942;,
  0.028442;3.164741;10.465246;,
  0.028610;3.161230;10.380564;,
  0.000035;3.210174;10.362867;,
  0.000035;3.161230;10.380564;,
  0.000035;3.164741;10.465246;,
  -1.551981;2.603618;-2.225947;,
  -1.547710;2.688135;-2.205048;,
  -1.526851;2.678285;-2.172149;,
  -1.540401;2.615418;-2.172089;,
  -1.544150;2.554740;-2.183769;,
  -1.559679;2.549630;-2.227528;,
  -1.549162;2.494931;-2.231821;,
  -1.528753;2.425355;-2.244420;,
  -1.538222;2.499531;-2.190663;,
  -1.518094;2.424575;-2.212932;,
  -1.585360;2.481382;-2.201812;,
  -1.606997;2.525680;-2.190970;,
  -1.595058;2.538570;-2.227398;,
  -1.558522;2.408686;-2.223321;,
  -1.571931;2.485942;-2.231781;,
  -1.552022;2.418475;-2.245240;,
  -1.608701;3.688409;-1.680988;,
  -1.591581;3.424106;-1.739967;,
  -1.637560;3.478184;-1.853113;,
  -1.612103;3.174694;-1.984009;,
  -1.641432;3.211893;-2.052586;,
  -1.418353;2.694074;-2.167553;,
  -1.393194;2.653596;-2.173423;,
  -1.399564;2.644417;-2.194112;,
  -1.364805;2.629007;-2.174341;,
  -1.378125;2.616818;-2.201300;,
  -1.347426;2.526624;-2.152981;,
  -1.359165;2.580750;-2.186169;,
  -1.348986;2.587980;-2.164370;,
  -1.326877;2.484327;-2.123404;,
  -1.339647;2.537194;-2.133872;,
  -1.318818;2.494507;-2.109014;,
  -1.319388;2.455590;-2.085886;,
  -1.323947;2.448120;-2.093625;,
  -1.333726;2.417212;-2.059258;,
  -1.341016;2.446270;-2.091095;,
  -1.347856;2.451260;-2.081386;,
  -1.368984;2.481168;-2.099595;,
  -1.357475;2.475318;-2.117404;,
  -1.362395;2.516895;-2.151771;,
  -1.374164;2.520905;-2.130692;,
  1.418338;2.694066;-2.167551;,
  1.434037;2.747863;-2.177591;,
  1.429377;2.685196;-2.195140;,
  1.399548;2.644408;-2.194110;,
  1.393179;2.653588;-2.173421;,
  1.318809;2.494493;-2.109013;,
  1.339628;2.537181;-2.133872;,
  1.326859;2.484314;-2.123403;,
  1.323929;2.448106;-2.093634;,
  1.319369;2.455575;-2.085885;,
  1.333708;2.417197;-2.059256;,
  1.340998;2.446256;-2.091094;,
  1.347838;2.451246;-2.081385;,
  1.374157;2.520892;-2.130702;,
  1.368967;2.481154;-2.099594;,
  1.362377;2.516882;-2.151771;,
  1.385526;2.569289;-2.184939;,
  -2.326877;6.252182;1.028668;,
  -2.223997;6.184163;0.968114;,
  -2.205827;6.203893;0.977156;,
  -2.316797;6.264642;1.034748;,
  -2.347827;6.283452;1.044678;,
  -1.438962;5.734189;0.508527;,
  -2.194708;6.228822;0.971969;,
  -1.456862;5.702640;0.525768;,
  -1.107604;5.469072;0.346120;,
  -1.052124;5.553092;0.276518;,
  -1.011314;5.429623;0.261660;,
  -1.012384;5.462593;0.230629;,
  -0.964985;5.397504;0.221495;,
  -0.962155;5.430673;0.194765;,
  -0.817884;5.379044;0.118913;,
  -0.824194;5.332144;0.159476;,
  -2.227817;6.180753;0.964963;,
  1.595731;3.942472;-1.387283;,
  1.584461;3.787505;-1.458961;,
  1.645520;3.864694;-1.264957;,
  1.675420;3.727488;-1.376284;,
  1.592731;3.618100;-1.567879;,
  1.591571;3.424074;-1.739954;,
  1.680769;3.550882;-1.494871;,
  1.635640;3.378255;-1.704265;,
  1.612090;3.174683;-1.983986;,
  1.840970;2.547869;-2.158253;,
  1.823293;2.568971;-2.162713;,
  1.853910;2.559279;-2.174472;,
  -1.272361;3.124189;-0.277611;,
  -1.356609;2.762021;-0.600675;,
  -1.226059;2.647563;-0.369157;,
  -1.239821;3.203229;0.219263;,
  -1.252601;3.243648;0.017896;,
  -1.113631;2.926702;0.226132;,
  1.217289;3.247749;0.001146;,
  1.212698;3.209210;0.203234;,
  1.095517;2.929023;0.217294;,
  1.042648;2.806154;0.001995;,
  1.230599;3.125640;-0.293640;,
  1.067248;2.760464;-0.198024;,
  1.196078;2.646794;-0.378667;,
  -1.903239;2.425863;-2.081580;,
  -1.917128;2.412094;-2.058072;,
  -1.908509;2.418124;-2.087770;,
  -1.904969;2.421473;-2.101099;,
  -1.896769;2.433703;-2.089230;,
  -1.913148;2.434912;-2.076670;,
  -0.007799;3.444436;10.344568;,
  0.000035;3.356896;10.271788;,
  -0.023345;3.341369;10.359766;,
  -0.007784;3.441197;10.372462;,
  0.068201;4.099457;-2.031949;,
  0.046376;4.104136;-1.983060;,
  0.035620;4.132236;-1.997979;,
  -1.035135;0.019301;-1.360484;,
  -0.942550;-0.022237;-1.461342;,
  -0.977961;0.015195;-1.334585;,
  -1.014725;0.010196;-1.245827;,
  -0.021291;3.353576;10.277487;,
  -1.027205;0.011799;-1.192148;,
  -1.198154;0.049859;-1.199647;,
  -0.043207;3.331860;10.360866;,
  -0.033659;3.264708;10.362266;,
  -0.090813;3.263008;10.353968;,
  -0.028602;3.163339;10.346870;,
  -0.035420;3.351806;10.257091;,
  -1.102724;0.037954;-1.068981;,
  -1.458365;2.084082;-2.113672;,
  -1.467514;2.112009;-2.140680;,
  -1.469984;2.100500;-2.152869;,
  -0.103423;3.263906;10.259791;,
  -1.454475;2.058854;-2.109153;,
  -1.441716;2.047955;-2.079766;,
  -1.452015;2.065583;-2.099284;,
  -0.028766;3.159848;10.260991;,
  -0.007735;3.443558;10.462944;,
  -0.023156;3.341330;10.477942;,
  -0.007721;3.440339;10.490338;,
  -0.035145;3.351688;10.376762;,
  -0.021124;3.353438;10.396758;,
  -0.042858;3.331901;10.479041;,
  -0.090077;3.263599;10.472243;,
  -0.102606;3.264478;10.379463;,
  -0.028538;3.161230;10.380564;,
  -0.028370;3.164741;10.465246;,
  -1.428197;2.068783;-2.107473;,
  -1.442376;2.069913;-2.098014;,
  -1.427207;2.086622;-2.126052;,
  -1.446176;2.090661;-2.108933;,
  -1.456445;2.117119;-2.138260;,
  -1.442556;2.113259;-2.152379;,
  -1.456235;2.151667;-2.184197;,
  -1.470384;2.154806;-2.169048;,
  0.400373;3.089352;0.765664;,
  0.403433;3.163762;0.937443;,
  0.400374;3.043773;1.208803;,
  -0.040574;3.219300;10.832468;,
  -0.097959;3.299561;10.922250;,
  -0.072935;3.265434;10.831869;,
  -0.090775;3.278503;10.831769;,
  -0.106872;3.268753;10.778379;,
  -0.055472;3.252645;10.772981;,
  -0.068682;3.309948;10.778578;,
  -0.090992;3.295791;10.832667;,
  -0.107671;3.296380;10.771181;,
  -0.079781;3.304610;10.829969;,
  0.000011;3.314980;10.925848;,
  0.000013;3.330831;11.136504;,
  -0.060448;3.331711;11.136105;,
  0.000011;3.257097;11.668296;,
  -0.021964;3.291798;11.368157;,
  0.000011;3.256433;11.367858;,
  -0.039583;3.339513;11.368557;,
  0.019182;3.164703;10.610417;,
  0.019057;3.168193;10.663605;,
  -0.019009;3.168193;10.663605;,
  0.000011;3.307176;10.597517;,
  -0.033250;3.265571;10.596718;,
  -0.034861;3.332333;10.617712;,
  0.002882;3.332333;10.617712;,
  0.034911;3.332323;10.617712;,
  0.000017;3.338683;10.682998;,
  0.020677;3.197400;10.705896;,
  -0.020629;3.197410;10.705896;,
  -1.583691;0.081601;-0.660807;,
  -1.634951;0.075418;-0.692529;,
  -1.624151;0.060902;-0.704610;,
  -1.660311;0.047245;-0.768199;,
  -1.605801;0.060812;-0.717002;,
  -1.604921;0.096898;-0.716462;,
  -1.608731;0.109840;-0.771893;,
  -1.596911;0.062513;-0.785377;,
  -1.557702;0.070314;-0.817264;,
  -1.625941;0.091063;-0.707526;,
